//cam
#cam pos_x pos_y pos_z rot_x rot_y rot_z
0 0 -500 0 0 0
//sphere
0   0 1000  0 0 0 200 0  1000 -1000 1000 -1000 1000 -1000  0 0 0 0 0 10   FFFFFF
250 600 1000 325 40 0 100 0 1000 -1000 1000 -1000 1000 -1000 0 0 0 0 0 3 FFFFFF
-250 750 1000 20 20 0 100 0 1000 -1000 1000 -1000 1000 -1000 0 0 0 0 0 4 FF0000
250 -300 1000 0 0 0 100 0 1000 -1000 1000 -1000 1000 -1000 0 0 0 0 0 5 FFFFFF
-250 -300 1000 0 0 0 100 0 1000 -1000 1000 -1000 1000 -1000 0 0 0 0 0 6 FFFFFF
100 200 975 0 0 0 100 0 1000 -1000 1000 -1000 1000 -1000 0 0 0 0 0 7 FFFFFF
-450 200 1000 0 0 0 100 0 1000 -1000 1000 -1000 1000 -1000 0 0 0 0 0 8 FFFFFF
500 200 950 275 340 0 100 0 1000 -1000 1000 -1000 1000 -1000 0 0 0 0 0 9 FFFFFF
-850 200 1000 340 0 0 100 0 1000 -1000 1000 -1000 1000 -1000 0 0 0 0 0 10 FFFFFF
//spot
0 0 0 70 FFFFFF
//plane
//cone
//cylinder
