//cam
#pos_x pos_y pos_z rot_x rot_y rot_z
0 0 -500 0 0 0

//spot
#spot pos_x pos_y pos_z value color
0  0  0   70   FFFFFF

//sphere
#pos_x pos_y pos_z radius lim_h_x lim_b_x lim_h_y lim_b_y lim_h_z lim_b_z shine reflex med_in refrax color
   0   0 1000  0 0 0 5000 0  1000 -1000 1000 -1000 1000 -1000  0 0 0 0 0 10   FFFFFF
 250    600 1000  0 0 0 100 0  1000 -1000 1000 -1000 1000 -1000  0 0 0 0 0 3   FFFFFF
-250   300 1000  0 0 0 100 0  1000 -1000 1000 -1000 1000 -1000  0 0 0 0 0 4   FF0000
 250   -300   1000  0 0 0  100 0   1000 -1000 1000 -1000 1000 -1000  0 0 0 0 0 5   FFFFFF
-250  -300   1000  0 0 0  100 0  1000 -1000 1000 -1000 1000 -1000  0 0 0 0 0 6   FFFFFF
450     200   1000  0 0 0  100 0  1000 -1000 1000 -1000 1000 -1000  0 0 0 0 0 7   FFFFFF
-450     200   1000  0 0 0  100 0  1000 -1000 1000 -1000 1000 -1000  0 0 0 0 0 8   FFFFFF
500     200   1000  0 0 0  100 0  1000 -1000 1000 -1000 1000 -1000  0 0 0 0 0 9   FFFFFF
-500     200   1000  0 0 0  100 0  1000 -1000 1000 -1000 1000 -1000  0 0 0 0 0 10   FFFFFF
