//cam
#cam pos_x pos_y pos_z rot_x rot_y rot_z
0 0 -1000 0 0 0
//sphere
0 -220 1700 0 0 0 100 0 1000 -1000 1000 -1000 1000 -1000 0 50 0 0 0 0 FFFFFF
150 -220 1000 0 0 0 100 0 1000 -1000 1000 -1000 1000 -1000 0 50 0 0 0 0 FFFFFF
-150 -220 1000 0 0 0 100 0 1000 -1000 100 -1000 1000 -1000 0 50 0 0 0 0 FF0000
225 0 50 0 0 0 50 0 1000 -1000 1000 -1000 1000 -1000 0 50 0 0 0 0 FFFFFF
-200 0 0 0 0 0 50 0 1000 -1000 1000 -1000 1000 -1000 0 50 0 0 0 0 FFFFFF
//spot
0 50 500 50 00FF00
0 50 1500 50 00FF00
0 0 -200 70 FFFFFF
//plane
0 -250 0 0 0 0 0 0 0 0 0 1 000000
0 250 0 0 0 0 0 60 0 0 0 0 009FFF
0 0 2500 90 0 0 0 30 0 0 0 0 0000FF
325 0 1000 0 0 90 0 0 0 0 0 0 FF0000
-325 0 1000 0 0 90 0 0 0 0 0 0 FF0000
//cone
//cylinder
