//cam
#cam pos_x pos_y pos_z rot_x rot_y rot_z
0 -25 -1000 0 0 0
//sphere
0 -25 1700 345 105 0 100 0 1000 -1000 1000 -1000 1000 -1000 0 0 0 0 0 2 FFFFFF
0 355 1700 305 50 0 100 0 1000 -1000 1000 -1000 1000 -1000 0 0 0 0 0 3 FFFFFF
150 -220 1000 0 0 0 100 0 1000 -1000 1000 -1000 1000 -1000 0 0 0 0 0 4 FFFFFF
-150 -220 1000 0 0 0 100 0 1000 -1000 100 -1000 1000 -1000 0 0 0 0 0 5 FF0000
225 -150 50 0 0 0 50 0 1000 -1000 1000 -1000 1000 -1000 0 0 0 0 0 6 FFFFFF
-200 -150 0 0 0 0 50 0 1000 -1000 1000 -1000 1000 -1000 0 0 0 0 0 7 FFFFFF
225 50 250 0 0 0 50 0 1000 -1000 1000 -1000 1000 -1000 0 0 0 0 0 9 FFFFFF
-200 50 250 0 0 0 50 0 1000 -1000 1000 -1000 1000 -1000 0 0 0 0 0 8 FFFFFF
//spot
0 50 500 50 00FF00
0 50 1500 50 00FF00
0 0 -200 70 FFFFFF
//plane
0 -250 0 0 0 0 0 0 0 0 0 1 000000
0 475 2500 90 0 0 0 0 0 0 0 0 0000FF
0 0 2500 90 0 0 0 0 0 0 0 0 0000FF
0 375 2500 90 0 0 0 0 0 0 0 0 0000FF
0 375 2500 90 0 0 0 0 0 0 0 0 0000FF
0 375 2500 90 0 0 0 0 0 0 0 0 0000FF
0 375 2500 90 0 0 0 0 0 0 0 0 0000FF
//cone
//cylinder
