//cam
#pos_x pos_y pos_z rot_x rot_y rot_z
0 0 0 0 0 0

//spot
#spot pos_x pos_y pos_z value color
-50  100 100   500   FFFFFF

//sphere
#pos_x pos_y pos_z radius lim_h_x lim_b_x lim_h_y lim_b_y lim_h_z lim_b_z shine reflex med_in refrax color
 100   0 1500   100   1000 -1000 1000 -1000 1000 -1000   00 0 0 0   28464D
-100   0 1500   100   1000 -1000 1000 -1000 1000 -1000   00 0 0 0   28464D
-200   0 1500   100   1000 -1000 1000 -1000 1000 -1000   00 0 0 0   00FF00
-130   0 1500   100   1000 -1000 1000 -1000 1000 -1000   00 0 0 0   00FF00
-140   0 1500   100   1000 -1000 1000 -1000 1000 -1000   00 0 0 0   00FF00
-160   0 1500   100   1000 -1000 1000 -1000 1000 -1000   00 0 0 0   28464D
   40 -150 1500   100   1000 -1000 1000 -1000 1000 -1000   00 0 0 0   0000FF
   30 150 1500   100   1000 -1000 1000 -1000 1000 -1000   00 0 0 0   722E2F
   20 -150 1500   100   1000 -1000 1000 -1000 1000 -1000   00 0 0 0   722E2F
   10 150 1500   100   1000 -1000 1000 -1000 1000 -1000   00 0 0 0    28464D
   -500 -150 1500   100   1000 -1000 1000 -1000 1000 -1000   00 0 0 0   0000FF

//plane
#pos_x pos_y pos_z rot_x rot_y rot_z color
#  0 -100 1000   0 1 0     0 0 0 0   43B2E2
-10  -10 2000   0 0 1   100 0 0 0   FFFFFF

//cone
#cone pos_x pos_y pos_z rot_x rot_y rot_z alpha color
      100     50     1200     0     0     0     10 0 0 0 0  FF0000
      -100     50     1200     0     0     0     10 0 0 0 0  FF0000
      100     -50     1200     0     0     0     10 0 0 0 0  FF0000
      -100     -50     1200     0     0     0     10 0 0 0 0  FF0000
      100     50     1200     0     0     0     10 0 0 0 0  FF0000
      100     50     1200     0     0     0     10 0 0 0 0  FF0000
      100     50     1200     0     0     0     10 0 0 0 0  FF0000
      100     50     1200     0     0     0     10 0 0 0 0  FF0000
      100     50     1200     0     0     0     10 0 0 0 0  FF0000
      100     50     1200     0     0     0     10 0 0 0 0  FF0000
      100     50     1200     0     0     0     10 0 0 0 0  FF0000
      100     50     1200     0     0     0     10 0 0 0 0  FF0000

//cylinder
#cylinder pos_x pos_y pos_z rot_x rot_y rot_z radius color
