//cam
#cam pos_x pos_y pos_z rot_x rot_y rot_z
0 825 0 17 0 0
//sphere
200 950 1500 100 1000 -1000 1000 -1000 1000 -1000 0 0 0 0 FF0000
-200 950 1500 100 1000 -1000 1000 -1000 1000 -1000 0 0 0 0 00FF00
0 950 1500 100 1000 -1000 1000 -1000 1000 -1000 0 0 0 0 0000FF
0 950 1600 100 1000 -1000 1000 -1000 1000 -1000 0 100 0 0 FFFFF0
//spot
-150 0 1400 500 FF0000
0 150 1000 500 00FF00
150 0 1400 500 0000FF
//plane
0 -100 1000 0 1 0 15100 100 0 0 FFFFF0
-10 -10 2000 0 0 1 200000 100 0 0 FFFFFF
//cone
//sphere
